11111111111111111111111000111111
11111111111111111111110101110001
00000000000000000000001010010100
00000000000000000000001001000001
11111111111111111111110111110111
00000000000000000000000000011010
00000000000000000000000111110010
11111111111111111111111010011111
00000000000000000000000111111011
11111111111111111111110101010001
11111111111111111111110011100000
00000000000000000000001001011110
00000000000000000000000010010110
11111111111111111111110011011001
00000000000000000000001100110010
00000000000000000000001010100100
11111111111111111111111011101000
11111111111111111111110110100011
11111111111111111111111111100011
11111111111111111111111111111100
00000000000000000000000001010010
11111111111111111111111100010001
11111111111111111111110010110100
00000000000000000000000011000101
00000000000000000000001001010001
11111111111111111111111110011010
00000000000000000000001101110010
11111111111111111111111100010001
00000000000000000000001110010111
00000000000000000000001000010000
11111111111111111111110110001100
00000000000000000000000011101101
00000000000000000000001001100110
11111111111111111111111010000000
11111111111111111111110110101000
11111111111111111111110101110100
11111111111111111111111100110011
11111111111111111111110001000010
11111111111111111111111011110000
11111111111111111111110101110000
11111111111111111111110101000010
11111111111111111111110011000001
00000000000000000000000111111100
11111111111111111111110111110010
00000000000000000000000111010010
00000000000000000000001010000001
00000000000000000000001010010101
11111111111111111111111010000010
00000000000000000000001011100000
00000000000000000000000000010111
11111111111111111111110110010100
00000000000000000000000111010101
11111111111111111111110101000100
11111111111111111111110110110001
11111111111111111111111100110110
11111111111111111111111001011101
11111111111111111111111000110100
00000000000000000000001111010000
00000000000000000000001000010101
00000000000000000000001010010101
00000000000000000000000101001011
11111111111111111111110100000100
00000000000000000000000000011101
11111111111111111111111111011001
11111111111111111111110000100011
11111111111111111111111011011100
00000000000000000000000110001110
00000000000000000000000000001111
11111111111111111111111010001100
11111111111111111111111111011111
11111111111111111111111000000110
11111111111111111111110100001011
11111111111111111111110100111110
11111111111111111111110011000110
11111111111111111111111101100100
00000000000000000000000000100011
11111111111111111111110011011010
00000000000000000000001111111011
11111111111111111111111011100001
00000000000000000000001101111011
11111111111111111111111101100111
11111111111111111111111110011110
00000000000000000000000111110100
11111111111111111111110110011010
00000000000000000000001000101001
11111111111111111111110101100110
11111111111111111111110110001011
11111111111111111111110100000110
11111111111111111111110000110001
11111111111111111111111000000010
11111111111111111111110101111110
00000000000000000000000101000100
00000000000000000000001100010100
00000000000000000000001000000000
00000000000000000000001000111000
00000000000000000000000101011111
11111111111111111111111110000111
11111111111111111111111001010101
11111111111111111111111100110101
00000000000000000000001100111010
00000000000000000000001000010110
11111111111111111111111101011101
11111111111111111111110010111011
11111111111111111111110000101101
11111111111111111111111101111111
00000000000000000000001101110010
00000000000000000000001000111101
00000000000000000000001001010110
11111111111111111111111000001101
00000000000000000000001101100001
00000000000000000000000110011101
00000000000000000000001010000011
11111111111111111111110110011000
00000000000000000000001110100101
00000000000000000000001100001010
11111111111111111111111101000111
11111111111111111111110000100010
11111111111111111111110010000001
11111111111111111111110000001010
00000000000000000000001101100110
11111111111111111111111111010111
11111111111111111111111011110001
00000000000000000000000111011111
00000000000000000000000001110010
00000000000000000000000010110001
11111111111111111111111000001011
00000000000000000000000001000001
00000000000000000000000010110111
00000000000000000000001011001010
00000000000000000000001110001101
11111111111111111111110111010111
00000000000000000000001101011010
00000000000000000000001110100001
11111111111111111111111100101011
00000000000000000000001110010010
00000000000000000000000100101111
11111111111111111111110011101000
11111111111111111111110101110100
11111111111111111111111001101111
00000000000000000000001011010010
00000000000000000000000000011101
00000000000000000000001011111110
00000000000000000000000110110010
11111111111111111111111000001000
00000000000000000000000001000111
00000000000000000000000000001011
00000000000000000000001101100011
11111111111111111111111010000000
11111111111111111111111011000000
00000000000000000000001000011010
11111111111111111111111001000011
11111111111111111111110000000001
00000000000000000000000110000111
11111111111111111111111001100001
00000000000000000000000111001100
11111111111111111111110010110111
11111111111111111111110001011111
11111111111111111111111110001110
00000000000000000000000000001001
00000000000000000000001011001000
11111111111111111111110101010010
00000000000000000000000001010011