00000000000000000000000000110001
00000000000000001111111111011000
00000000000000001111111111010111
00000000000000000000000000000000
00000000000000001111111111011000
00000000000000001111111111100111
00000000000000001111111111011010
00000000000000000000000000011011
00000000000000000000000000011011
00000000000000000000000000110000
00000000000000001111111111101100
00000000000000000000000000101110
00000000000000000000000000101110
00000000000000001111111111111110
00000000000000001111111111011110
00000000000000000000000000100000
00000000000000000000000000100000
00000000000000000000000000001111
00000000000000001111111111010010
00000000000000001111111111011001
00000000000000000000000000100100
00000000000000000000000000110001
00000000000000001111111111110010
00000000000000000000000000010000
00000000000000001111111111101111
00000000000000000000000000010111
00000000000000000000000000000101
00000000000000001111111111010011
00000000000000000000000000101001
00000000000000000000000000100011
00000000000000001111111111010011
00000000000000001111111111101111
00000000000000000000000000011100
00000000000000001111111111101000
00000000000000000000000000010101
00000000000000001111111111001110
00000000000000000000000000100001
00000000000000000000000000100011
00000000000000001111111111101100
00000000000000001111111111010110
00000000000000001111111111100011
00000000000000001111111111110110
00000000000000001111111111101001
00000000000000001111111111101100
00000000000000000000000000001001
00000000000000000000000000001110
00000000000000001111111111110000
00000000000000000000000000011100
00000000000000001111111111011011
00000000000000000000000000001000
00000000000000000000000000000110
00000000000000001111111111101100
00000000000000001111111111111100
00000000000000001111111111100101
00000000000000001111111111010110
00000000000000000000000000000100
00000000000000001111111111110011
00000000000000001111111111011011
00000000000000000000000000101110
00000000000000001111111111011101
00000000000000000000000000001100
00000000000000000000000000101001
00000000000000001111111111111011
00000000000000000000000000110001
00000000000000001111111111011100
00000000000000000000000000100100
00000000000000000000000000001000
00000000000000000000000000001100
00000000000000000000000000011100
00000000000000000000000000001010
00000000000000001111111111111011
00000000000000001111111111011110
00000000000000001111111111100010
00000000000000001111111111101111
00000000000000000000000000100000
00000000000000001111111111101011
00000000000000001111111111100010
00000000000000000000000000100001
00000000000000001111111111011111
00000000000000001111111111010110
00000000000000001111111111111101
00000000000000001111111111111000
00000000000000001111111111010111
00000000000000000000000000101010
00000000000000000000000000101011
00000000000000000000000000010000
00000000000000001111111111111110
00000000000000000000000000011010
00000000000000000000000000011000
00000000000000000000000000101110
00000000000000000000000000101010
00000000000000000000000000100110
00000000000000000000000000101000
00000000000000000000000000000011
00000000000000000000000000001110
00000000000000001111111111011010
00000000000000001111111111101110
00000000000000000000000000100011
00000000000000001111111111011111
00000000000000001111111111010100
00000000000000001111111111011100
00000000000000001111111111111111
00000000000000000000000000011011
00000000000000000000000000110000
00000000000000001111111111111100
00000000000000001111111111101001
00000000000000000000000000011111
00000000000000001111111111010001
00000000000000000000000000101100
00000000000000000000000000110000
00000000000000000000000000100101
00000000000000000000000000101011
00000000000000001111111111100100
00000000000000001111111111101010
00000000000000001111111111101001
00000000000000000000000000100001
00000000000000001111111111100101
00000000000000000000000000000011
00000000000000001111111111001110
00000000000000001111111111101101
00000000000000000000000000011100
00000000000000000000000000011010
00000000000000001111111111101111
00000000000000001111111111010100
00000000000000000000000000100011
00000000000000001111111111010000
00000000000000001111111111101100
00000000000000001111111111101100
00000000000000000000000000101111
00000000000000000000000000001011
00000000000000001111111111110010
00000000000000000000000000011000
00000000000000001111111111011000
00000000000000001111111111010011
00000000000000001111111111011101
00000000000000001111111111111101
00000000000000001111111111111100
00000000000000000000000000011011
00000000000000000000000000101100
00000000000000001111111111010000
00000000000000000000000000110010
00000000000000000000000000110000
00000000000000001111111111010011
00000000000000000000000000011111
00000000000000001111111111011111
00000000000000001111111111100011
00000000000000000000000000011111
00000000000000000000000000001011
00000000000000001111111111111111
00000000000000000000000000100011
00000000000000001111111111110000
00000000000000000000000000101011
00000000000000000000000000100100
00000000000000001111111111100001
00000000000000000000000000100111
00000000000000000000000000101011
00000000000000001111111111010011
00000000000000001111111111101110
00000000000000001111111111010111
00000000000000000000000000000111
00000000000000001111111111100000
00000000000000000000000000100010
00000000000000000000000000011100
00000000000000000000000000011011
00000000000000001111111111101100
00000000000000000000000000001111
00000000000000001111111111010011
00000000000000000000000000001011
00000000000000000000000000010010
00000000000000001111111111011110
00000000000000001111111111011010
00000000000000001111111111001111
00000000000000001111111111111011
00000000000000001111111111111111
00000000000000000000000000101001
00000000000000001111111111011111
00000000000000001111111111001111
00000000000000001111111111011011
00000000000000001111111111100100
00000000000000001111111111110000
00000000000000001111111111100011
00000000000000000000000000001111
00000000000000001111111111100010
00000000000000001111111111010001
00000000000000001111111111111110
00000000000000001111111111100100
00000000000000001111111111010100
00000000000000001111111111110001
00000000000000000000000000000000
00000000000000000000000000000001
00000000000000000000000000011011
00000000000000001111111111100110
00000000000000001111111111100011
00000000000000001111111111101011
00000000000000000000000000000111
00000000000000001111111111100010
00000000000000001111111111101111
00000000000000001111111111011000
00000000000000000000000000101101
00000000000000000000000000011011
00000000000000000000000000000100
00000000000000000000000000011111
00000000000000001111111111010100
00000000000000001111111111111010
00000000000000001111111111010011
00000000000000001111111111011111
00000000000000000000000000001000
00000000000000000000000000100000
00000000000000001111111111110101
00000000000000001111111111010111
00000000000000000000000000010100
00000000000000000000000000101000
00000000000000000000000000101101
00000000000000000000000000100100
00000000000000001111111111010011
00000000000000000000000000101010
00000000000000001111111111011100
00000000000000001111111111011100
00000000000000000000000000011111
00000000000000001111111111001111
00000000000000001111111111010001
00000000000000001111111111101011
00000000000000001111111111101100
00000000000000000000000000011111
00000000000000001111111111101100
00000000000000001111111111101100
00000000000000000000000000011111
00000000000000000000000000011011
00000000000000001111111111010000
00000000000000000000000000000010
00000000000000000000000000000111
00000000000000001111111111011111
00000000000000001111111111010010
00000000000000001111111111100000
00000000000000001111111111110010
00000000000000000000000000010101
00000000000000001111111111101101
00000000000000001111111111110000
00000000000000000000000000100110
00000000000000001111111111110111
00000000000000000000000000100101
00000000000000000000000000001111
00000000000000001111111111100001
00000000000000001111111111111101
00000000000000000000000000010101
00000000000000000000000000110001
00000000000000001111111111101111
00000000000000001111111111111110
00000000000000000000000000001111
00000000000000001111111111010000
00000000000000000000000000000110
00000000000000000000000000000110
00000000000000000000000000011101
00000000000000000000000000101100
00000000000000001111111111010000
00000000000000001111111111101001
00000000000000000000000000011111
00000000000000000000000000001000
00000000000000000000000000011011
00000000000000001111111111101101
00000000000000001111111111001110
00000000000000001111111111010000
00000000000000000000000000101010
00000000000000001111111111101010
00000000000000001111111111011101
00000000000000000000000000001010
00000000000000001111111111100010
00000000000000001111111111101010
00000000000000000000000000110000
00000000000000000000000000101011
00000000000000001111111111010111
00000000000000000000000000100111
00000000000000001111111111010010
00000000000000001111111111111001
00000000000000001111111111001111
00000000000000001111111111101101
00000000000000001111111111011000
00000000000000001111111111010111
00000000000000000000000000010010
00000000000000000000000000101111
00000000000000000000000000001101
00000000000000000000000000000000
00000000000000000000000000001100
00000000000000000000000000001000
00000000000000000000000000000111
00000000000000001111111111101111
00000000000000001111111111101000
00000000000000001111111111111000
00000000000000000000000000000010
00000000000000001111111111010101
00000000000000001111111111110010
00000000000000000000000000100110
00000000000000000000000000000100
00000000000000000000000000011111
00000000000000000000000000010101
00000000000000000000000000110001
00000000000000001111111111101011
00000000000000000000000000010111
00000000000000001111111111110000
00000000000000001111111111100000
00000000000000001111111111010100
00000000000000001111111111111000
00000000000000000000000000101111
00000000000000001111111111100101
00000000000000001111111111011111
00000000000000000000000000000110
00000000000000000000000000010010
00000000000000000000000000001100
00000000000000001111111111010001
00000000000000001111111111101110
00000000000000001111111111100100
00000000000000001111111111100100
00000000000000001111111111101101
00000000000000000000000000000001
00000000000000000000000000010111
00000000000000000000000000010101
00000000000000001111111111110000
00000000000000000000000000010100
00000000000000001111111111110000
00000000000000001111111111010010
00000000000000001111111111100000
00000000000000001111111111100110
00000000000000001111111111101100
00000000000000001111111111110100
00000000000000000000000000101000
00000000000000000000000000001000
00000000000000000000000000010101
00000000000000000000000000011011
00000000000000000000000000000110
00000000000000000000000000101101
00000000000000000000000000010110
00000000000000001111111111111100
00000000000000001111111111111000
00000000000000000000000000000100
00000000000000001111111111101100
00000000000000001111111111110111
00000000000000001111111111100110
00000000000000001111111111010110
00000000000000001111111111111010
00000000000000001111111111100010
00000000000000001111111111010001
00000000000000000000000000010010
00000000000000001111111111110000
00000000000000000000000000011001
00000000000000000000000000010010
00000000000000000000000000001110
00000000000000000000000000101010
00000000000000001111111111011010
00000000000000001111111111110110
00000000000000000000000000100011
00000000000000001111111111101111
00000000000000001111111111111101
00000000000000000000000000110000
00000000000000001111111111100111
00000000000000001111111111010100
00000000000000001111111111111101
00000000000000001111111111100111
00000000000000000000000000010001
00000000000000000000000000010101
00000000000000001111111111111010
00000000000000000000000000001101
00000000000000000000000000001010
00000000000000000000000000000110
00000000000000000000000000001011
00000000000000001111111111100000
00000000000000001111111111100000
00000000000000000000000000000011
00000000000000000000000000101101
00000000000000000000000000110001
00000000000000000000000000011011
00000000000000001111111111011000
00000000000000001111111111010101
00000000000000000000000000000111
00000000000000001111111111110100
00000000000000001111111111111100
00000000000000000000000000101111
00000000000000000000000000000000
00000000000000001111111111110001
00000000000000000000000000110000
00000000000000000000000000011000
00000000000000001111111111011000
00000000000000000000000000000111
00000000000000001111111111110011
00000000000000000000000000011100
00000000000000000000000000000101
00000000000000001111111111010011
00000000000000001111111111110001
00000000000000001111111111111111
00000000000000000000000000001000
00000000000000000000000000100001
00000000000000000000000000110000
00000000000000000000000000000000
00000000000000000000000000000101
00000000000000000000000000000000
00000000000000001111111111111010
00000000000000000000000000100111
00000000000000001111111111100011
00000000000000000000000000110000
00000000000000001111111111100101
00000000000000000000000000100111
00000000000000001111111111101100
00000000000000001111111111111011
00000000000000001111111111110010
00000000000000001111111111100011
00000000000000001111111111100001
00000000000000001111111111100111
00000000000000000000000000010100
00000000000000001111111111101111
00000000000000000000000000101110
00000000000000001111111111010111
00000000000000000000000000010100
00000000000000000000000000011000
00000000000000001111111111010000
00000000000000000000000000101001
00000000000000000000000000101100
00000000000000000000000000001011
00000000000000001111111111110001
00000000000000000000000000000100
00000000000000001111111111111010
00000000000000000000000000001011
00000000000000001111111111100111
00000000000000000000000000010001
00000000000000000000000000000010
00000000000000000000000000100001
00000000000000001111111111100110
00000000000000000000000000011101
00000000000000001111111111100000
00000000000000001111111111101111
00000000000000001111111111101110
00000000000000001111111111110011
00000000000000001111111111110101
00000000000000000000000000000111
00000000000000000000000000101111
00000000000000000000000000100101
00000000000000001111111111111011
00000000000000000000000000101110
00000000000000000000000000100100
00000000000000001111111111100010
00000000000000001111111111111010
00000000000000001111111111010000
00000000000000001111111111101001
00000000000000001111111111100110
00000000000000001111111111010011
00000000000000001111111111100110
00000000000000000000000000101100
00000000000000001111111111100011
00000000000000000000000000000010
00000000000000000000000000011010
00000000000000001111111111111010
00000000000000001111111111100101
00000000000000000000000000001011
00000000000000000000000000101101
00000000000000000000000000110000
00000000000000001111111111010001
00000000000000000000000000010001
00000000000000001111111111001111
00000000000000000000000000101001
00000000000000000000000000011011
00000000000000001111111111010011
00000000000000000000000000011010
00000000000000000000000000101111
00000000000000001111111111110010
00000000000000001111111111101111
00000000000000000000000000010110
00000000000000000000000000100010
00000000000000001111111111110010
00000000000000001111111111010000
00000000000000001111111111100111
00000000000000001111111111101001
00000000000000000000000000000011
00000000000000001111111111110111
00000000000000000000000000100110
00000000000000000000000000001110
00000000000000000000000000011101
00000000000000000000000000001111
00000000000000001111111111100000
00000000000000000000000000011000
00000000000000000000000000001001
00000000000000000000000000011000
00000000000000001111111111100110
00000000000000001111111111100011
00000000000000000000000000100101
00000000000000001111111111100110
00000000000000000000000000010001
00000000000000001111111111110101
00000000000000001111111111111110
00000000000000001111111111101110
00000000000000001111111111111111
00000000000000001111111111111110
00000000000000000000000000101111
00000000000000000000000000101111
00000000000000001111111111110110
00000000000000000000000000000000
00000000000000000000000000000010
00000000000000001111111111100001
00000000000000000000000000010010
00000000000000001111111111101110
00000000000000001111111111111110
00000000000000000000000000100101
00000000000000001111111111101101
00000000000000001111111111111110
00000000000000000000000000001101
00000000000000001111111111010100
00000000000000001111111111110011
00000000000000000000000000010000
00000000000000001111111111110110
00000000000000000000000000000001
00000000000000000000000000100011
00000000000000000000000000010000
00000000000000000000000000010010
00000000000000000000000000010100
00000000000000000000000000011101
00000000000000001111111111110110
00000000000000000000000000001000
00000000000000001111111111101000
00000000000000000000000000000100
00000000000000000000000000101010
00000000000000001111111111011001
00000000000000001111111111101010
00000000000000000000000000000011
00000000000000001111111111101011
00000000000000000000000000110001
00000000000000001111111111010110
00000000000000000000000000001111
00000000000000000000000000101100
00000000000000001111111111011101
00000000000000001111111111111101
00000000000000001111111111110000
00000000000000001111111111011100
00000000000000000000000000000110
00000000000000001111111111110110
00000000000000001111111111110110
00000000000000000000000000001011
00000000000000001111111111011011
00000000000000000000000000001100
00000000000000001111111111010011
00000000000000001111111111111010
00000000000000000000000000011100
00000000000000001111111111010110
00000000000000000000000000001000
00000000000000000000000000000000
00000000000000001111111111101000
00000000000000000000000000110000
00000000000000000000000000011111
00000000000000001111111111100111
00000000000000000000000000101100
00000000000000001111111111010111
00000000000000001111111111110011
00000000000000001111111111011001
00000000000000000000000000010101
00000000000000000000000000101110
00000000000000000000000000011111
00000000000000000000000000011111
00000000000000000000000000001100
00000000000000001111111111001111
00000000000000000000000000011010
00000000000000001111111111100101
00000000000000001111111111011010
00000000000000000000000000100000
00000000000000001111111111101100
00000000000000000000000000100101
00000000000000000000000000001000
00000000000000000000000000001001
00000000000000000000000000100110
00000000000000000000000000011010
00000000000000000000000000010000
00000000000000001111111111101010
00000000000000001111111111100011
00000000000000001111111111010000
00000000000000001111111111101000
00000000000000001111111111011011
00000000000000000000000000101001
00000000000000000000000000100010
00000000000000000000000000001011
00000000000000001111111111100101
00000000000000001111111111101000
00000000000000000000000000001110
00000000000000000000000000010011
00000000000000001111111111010011
00000000000000000000000000100111
00000000000000000000000000011101
00000000000000001111111111101000
00000000000000000000000000010011
00000000000000001111111111110110
00000000000000000000000000110000
00000000000000000000000000000100
00000000000000000000000000011001
00000000000000001111111111010100
00000000000000001111111111011101
00000000000000000000000000100010
00000000000000001111111111110011
00000000000000000000000000011100
00000000000000001111111111100111
00000000000000001111111111100011
00000000000000000000000000101110
00000000000000000000000000100010
00000000000000000000000000011000
00000000000000000000000000000010
00000000000000001111111111010000
00000000000000000000000000010011
00000000000000000000000000001111
00000000000000000000000000010110
00000000000000001111111111010010
00000000000000000000000000100011
00000000000000001111111111100111
00000000000000001111111111100101
00000000000000001111111111001111
00000000000000001111111111111010
00000000000000001111111111111110
00000000000000000000000000110000
00000000000000000000000000000110
00000000000000000000000000010101
00000000000000001111111111100010
00000000000000001111111111101110
00000000000000000000000000000011
00000000000000000000000000101001
00000000000000001111111111101100
00000000000000000000000000101111
00000000000000000000000000101110
00000000000000001111111111111110
00000000000000000000000000100000
00000000000000001111111111111011
00000000000000001111111111011001
00000000000000000000000000000110
00000000000000000000000000101011
00000000000000001111111111101011
00000000000000001111111111111101
00000000000000000000000000001001
00000000000000000000000000010001
00000000000000000000000000100010
00000000000000000000000000011001
00000000000000001111111111111010
00000000000000001111111111100001
00000000000000000000000000011001
00000000000000000000000000001010
00000000000000001111111111111000
00000000000000000000000000100110
00000000000000000000000000101111
00000000000000001111111111101011
00000000000000001111111111010101
00000000000000000000000000110001
00000000000000001111111111010101
00000000000000001111111111110000
00000000000000000000000000000101
00000000000000000000000000000000
00000000000000000000000000000100
00000000000000001111111111110101
00000000000000001111111111100101
00000000000000001111111111111100
00000000000000000000000000010111
00000000000000001111111111011010
00000000000000000000000000000111
00000000000000001111111111100010
00000000000000001111111111110100
00000000000000001111111111111110
00000000000000000000000000101101
00000000000000001111111111100101
00000000000000001111111111110001
00000000000000000000000000001010
00000000000000001111111111100110
00000000000000001111111111111011
00000000000000001111111111101000
00000000000000001111111111101010
00000000000000001111111111110100
00000000000000001111111111010101
00000000000000000000000000010000
00000000000000001111111111101111
00000000000000001111111111100111
00000000000000000000000000000000
00000000000000000000000000100110
00000000000000001111111111101001
00000000000000000000000000011000
00000000000000000000000000110000
00000000000000000000000000011100
00000000000000000000000000011111
00000000000000001111111111100000
00000000000000000000000000000011
00000000000000001111111111100010
00000000000000001111111111010101
00000000000000001111111111111110
00000000000000001111111111010111
00000000000000000000000000010011
00000000000000000000000000001110
00000000000000001111111111111010
00000000000000000000000000100010
00000000000000001111111111010100
00000000000000000000000000010010
00000000000000001111111111110011
00000000000000001111111111101001
00000000000000001111111111010001
00000000000000001111111111110011
00000000000000001111111111101000
00000000000000001111111111110010
00000000000000000000000000100101
00000000000000001111111111010111
00000000000000001111111111100011
00000000000000000000000000101110
00000000000000000000000000001101
00000000000000000000000000100110
00000000000000000000000000000000
00000000000000001111111111110111
00000000000000000000000000100101
00000000000000001111111111011110
00000000000000001111111111111101
00000000000000001111111111011100
00000000000000000000000000010011
00000000000000001111111111110000
00000000000000000000000000100010
00000000000000000000000000100110
00000000000000000000000000011101
00000000000000001111111111010001
00000000000000001111111111101111
00000000000000001111111111100100
00000000000000001111111111110110
00000000000000001111111111110100
00000000000000000000000000001011
00000000000000000000000000000011
00000000000000001111111111111010
00000000000000000000000000001010
00000000000000000000000000011011
00000000000000001111111111111010
00000000000000001111111111100010
00000000000000001111111111110010
00000000000000000000000000101010
00000000000000001111111111011110
00000000000000000000000000100011
00000000000000001111111111010110
00000000000000000000000000010111
00000000000000001111111111101000
00000000000000000000000000100010
00000000000000000000000000010000
00000000000000001111111111110011
00000000000000000000000000011010
00000000000000001111111111111001
00000000000000001111111111011110
00000000000000000000000000101010
00000000000000001111111111011001
00000000000000001111111111110010
00000000000000001111111111110100
00000000000000000000000000110000
00000000000000000000000000110001
00000000000000000000000000100010
00000000000000000000000000100110
00000000000000001111111111011001
00000000000000001111111111101100
00000000000000000000000000101110
00000000000000001111111111011011
00000000000000000000000000000110
00000000000000001111111111001111
00000000000000000000000000011100
00000000000000001111111111111011
00000000000000000000000000001101
00000000000000000000000000010100
00000000000000001111111111110101
00000000000000000000000000001000
00000000000000001111111111010100
00000000000000001111111111111100
00000000000000000000000000101011
00000000000000000000000000101011
00000000000000001111111111110010
00000000000000000000000000000001
00000000000000000000000000010100
00000000000000001111111111111100
00000000000000001111111111111010
00000000000000000000000000001101
00000000000000000000000000010111
00000000000000001111111111011111
00000000000000000000000000100100
00000000000000001111111111100001
00000000000000000000000000100110
00000000000000001111111111010111
00000000000000001111111111010111
00000000000000001111111111110100
00000000000000000000000000011001
00000000000000001111111111110011
00000000000000001111111111101000
00000000000000001111111111011000
00000000000000000000000000100110
00000000000000000000000000000001
00000000000000001111111111010001
00000000000000000000000000001101
00000000000000001111111111100111
00000000000000000000000000010111
00000000000000000000000000000110
00000000000000000000000000010011
00000000000000000000000000010100
00000000000000001111111111111110
00000000000000001111111111100110
00000000000000000000000000000111
00000000000000001111111111011110
00000000000000000000000000010111
00000000000000001111111111111100
00000000000000001111111111111001
00000000000000000000000000000100
00000000000000001111111111100001
00000000000000001111111111111110
00000000000000000000000000100111
00000000000000001111111111011110
00000000000000000000000000011110
00000000000000000000000000100000